0 31
1 131
2 60
2 181
3 221
4 27
5 56
6 120
6 94
6 207
7 139
7 142
8 48
8 234
9 16
9 82
10 201
10 108
10 167
11 65
11 230
12 29
13 49
13 230
14 58
14 236
15 144
15 194
15 222
16 122
16 190
17 156
17 101
18 140
19 190
20 42
20 243
20 222
21 81
21 52
22 218
23 207
24 58
25 81
26 200
27 50
28 200
28 146
29 148
30 194
31 200
32 108
33 190
34 37
35 73
35 162
35 115
35 205
35 247
36 98
37 103
38 255
39 136
39 50
40 161
41 219
42 162
42 51
42 114
43 225
44 79
45 67
46 180
46 221
46 159
47 252
48 217
48 171
49 64
49 157
51 225
51 124
51 245
52 198
52 145
52 209
52 219
52 254
53 219
54 66
54 67
55 144
55 123
56 136
56 186
57 201
58 163
59 196
59 117
59 95
60 151
61 215
61 62
61 127
63 244
64 223
65 216
65 207
66 148
66 213
67 211
67 140
68 168
68 212
69 178
69 99
69 148
69 93
70 178
71 234
71 197
72 86
73 125
74 149
75 182
75 206
76 119
77 249
77 170
78 93
79 178
79 203
79 118
80 128
80 202
82 104
82 129
83 164
84 129
85 105
85 236
86 243
87 161
87 158
88 119
89 91
89 150
90 114
91 239
92 105
95 213
95 199
96 221
96 174
97 218
97 108
98 154
98 222
98 127
99 193
100 121
101 229
102 213
102 182
103 210
104 165
104 110
106 119
107 207
108 126
109 213
110 138
111 145
112 121
112 234
113 192
113 235
115 183
116 241
116 172
118 166
119 140
119 175
122 228
125 186
126 152
126 244
126 157
128 160
128 252
128 222
129 159
130 186
130 180
131 162
132 201
133 184
134 144
135 148
136 204
137 186
139 187
141 223
141 191
142 234
143 169
143 148
143 174
145 240
146 232
146 238
146 247
147 155
149 255
150 216
152 176
152 241
152 208
152 253
153 193
155 231
156 234
157 174
161 215
162 254
164 234
169 242
170 244
173 195
176 250
176 236
177 193
178 251
179 220
181 223
182 237
184 208
185 255
188 217
189 195
193 231
195 245
198 210
199 234
212 217
214 224
214 226
215 227
220 248
223 255
226 233
233 242
235 246
237 246
247 248
