0 234
1 43
1 182
1 134
2 160
2 116
2 134
3 19
4 126
4 62
5 17
5 197
6 172
6 245
7 225
7 61
7 69
8 86
8 79
9 48
9 203
9 244
10 246
11 236
11 109
11 167
12 105
12 59
13 123
13 55
14 115
14 149
15 172
15 101
16 59
16 211
18 34
18 247
18 111
19 35
19 102
19 127
20 103
21 52
21 124
22 45
23 132
24 176
24 178
24 157
24 223
25 230
26 169
26 201
27 137
27 250
27 209
28 191
29 82
29 52
30 138
31 84
31 205
32 82
33 178
34 227
34 140
34 189
35 77
36 227
37 64
37 130
37 195
38 224
38 248
39 217
39 183
40 184
41 152
42 249
42 71
43 229
44 59
44 84
45 232
46 81
46 246
47 147
49 219
50 118
51 199
52 232
52 85
52 215
53 192
54 98
54 123
55 131
56 119
57 225
58 144
59 100
60 72
60 214
61 199
62 71
63 254
65 180
65 238
65 86
66 165
67 157
68 70
70 202
71 244
71 229
71 110
73 157
74 95
75 230
76 96
77 242
78 209
80 233
80 156
80 245
81 133
82 144
83 146
84 197
84 215
85 234
87 121
87 186
88 233
89 173
90 107
90 254
91 140
92 123
93 232
94 166
95 217
96 194
96 244
97 221
97 159
99 133
100 136
100 148
103 164
104 139
104 167
106 252
107 204
108 218
109 200
109 133
109 247
110 111
110 156
110 119
111 201
111 238
112 151
113 197
113 118
114 243
114 150
116 224
116 181
116 158
117 242
120 204
120 239
122 173
123 128
125 200
127 164
127 150
128 181
129 161
129 166
130 255
132 208
132 184
134 204
134 213
135 177
138 184
138 202
138 207
141 152
142 188
142 253
142 191
143 248
144 147
144 235
145 221
146 149
146 214
147 151
149 198
149 181
150 153
150 231
151 168
152 240
152 210
153 179
154 244
155 202
155 219
156 187
162 175
163 208
163 186
165 209
165 242
166 232
166 175
168 170
169 252
169 220
171 231
173 246
174 200
175 208
175 185
177 244
184 251
187 196
189 209
190 217
191 195
191 199
192 202
193 201
201 225
206 241
212 226
216 245
216 223
217 228
217 219
217 221
217 254
218 237
222 254
224 230
226 244
237 252
240 254
241 242
