0 47
0 187
0 15
1 68
1 165
2 114
2 67
2 230
2 142
3 164
3 110
4 104
4 60
5 29
5 70
6 80
7 225
7 244
8 120
8 82
8 45
8 30
9 113
9 228
9 94
10 199
10 37
10 95
11 135
11 44
11 191
12 179
12 102
12 151
13 89
13 125
13 231
14 161
16 207
17 98
17 252
17 31
18 91
18 150
19 72
19 46
19 86
19 238
19 103
20 188
20 116
21 235
21 149
22 209
22 29
22 229
23 201
24 157
24 174
24 61
25 144
25 212
26 68
27 81
27 61
28 52
28 62
29 188
29 55
31 140
32 123
32 43
33 235
34 218
34 36
35 184
36 112
36 139
36 44
37 105
38 118
39 155
39 84
40 144
41 238
42 109
43 57
43 242
43 214
43 174
44 220
45 56
45 218
46 246
47 233
47 72
48 96
48 190
48 86
49 221
49 86
50 188
51 177
51 218
51 157
52 227
52 119
53 60
53 100
53 183
54 131
54 246
55 211
56 196
57 200
57 147
58 137
58 77
59 172
59 207
60 226
61 195
63 105
63 142
64 202
64 122
65 98
66 115
66 137
66 130
66 99
66 174
68 222
69 220
71 126
73 208
73 243
74 104
74 126
75 185
76 145
76 77
77 92
78 168
78 185
79 132
80 148
80 245
80 207
83 134
85 140
87 222
88 99
90 158
91 105
93 120
95 155
97 136
97 103
98 124
101 238
102 203
104 144
105 122
106 114
106 170
107 128
108 142
108 215
109 146
109 226
110 169
110 122
111 160
111 140
115 219
117 181
117 159
118 243
121 167
123 138
124 232
125 251
127 207
128 170
129 203
131 210
132 227
133 195
134 193
134 215
135 186
139 222
141 235
141 220
143 155
146 225
146 250
146 189
147 189
148 211
148 171
151 213
152 157
153 216
154 237
154 199
156 232
156 182
158 252
159 199
160 187
161 167
162 204
162 190
163 240
163 211
164 166
167 227
168 176
168 245
169 250
169 234
170 228
171 184
173 176
173 213
175 230
178 201
178 196
178 236
178 254
180 250
188 231
192 236
194 238
196 224
197 209
198 238
201 253
203 255
205 231
206 252
216 243
216 245
217 224
218 241
221 223
226 243
227 239
227 230
233 234
234 249
238 247
243 248
