0 219
1 64
1 4
2 17
2 82
3 149
4 242
5 51
5 173
6 201
7 80
7 194
7 94
8 172
9 25
9 236
10 42
10 36
10 190
11 174
11 199
12 101
12 174
13 249
13 180
14 241
14 50
15 232
15 54
15 190
16 120
16 219
16 228
16 46
17 161
18 39
19 176
19 113
19 93
20 143
21 26
21 226
21 83
21 205
22 251
22 215
23 96
23 248
23 136
23 75
24 43
24 243
24 179
25 114
25 129
27 218
28 99
28 205
28 62
28 191
29 163
29 228
30 184
30 107
30 47
30 215
31 56
31 60
32 208
32 76
32 79
33 204
33 206
34 148
35 155
35 223
36 39
37 126
38 85
38 158
38 119
39 229
40 248
41 210
42 64
42 211
44 64
44 203
44 103
45 208
46 137
46 154
48 73
49 249
49 106
49 103
50 209
52 86
53 184
53 238
55 192
55 213
56 204
57 131
57 180
58 108
58 175
59 210
60 179
61 245
62 201
62 85
63 216
63 109
63 142
64 233
64 188
64 254
65 78
66 143
67 108
68 149
69 178
70 153
70 163
71 114
71 215
72 137
73 89
74 163
77 219
78 226
79 102
80 97
80 235
81 132
81 189
82 241
84 176
84 226
85 217
86 90
86 146
86 87
87 93
88 209
88 234
88 169
89 99
89 230
89 231
89 250
89 126
90 197
90 133
91 246
92 207
94 143
94 148
95 110
98 137
98 185
99 124
99 183
100 201
103 244
104 177
105 160
105 170
105 166
106 115
108 178
109 193
110 242
111 251
112 216
112 120
112 210
113 221
114 252
116 128
116 154
117 246
118 198
121 250
122 124
123 199
123 167
125 136
125 177
127 168
127 177
127 180
130 146
130 175
134 144
135 145
136 151
137 225
137 245
138 186
139 174
140 187
141 229
143 250
144 214
145 186
147 180
147 182
149 250
150 186
150 246
151 208
152 209
152 179
153 239
154 199
156 250
157 204
158 165
159 232
161 240
162 241
162 202
163 212
164 193
165 246
166 254
169 189
171 183
172 208
173 206
177 181
179 196
179 250
180 187
182 218
183 223
185 227
188 214
191 247
192 195
194 198
196 237
196 253
200 214
201 220
207 241
209 244
213 246
215 218
222 229
224 227
228 249
236 255
