0 195
0 42
0 82
0 55
0 184
0 249
0 187
0 29
1 162
1 231
1 199
1 135
1 206
1 51
1 24
1 220
1 30
2 226
2 251
2 103
2 105
2 171
2 109
2 112
2 241
2 179
2 116
2 11
2 248
2 135
2 59
2 252
2 31
3 139
3 5
3 231
4 163
4 187
4 214
5 191
5 133
5 41
5 77
5 176
5 178
5 73
5 215
5 155
5 159
6 35
6 134
6 231
6 241
6 90
6 188
6 250
7 128
7 139
7 85
7 211
7 23
8 225
8 100
8 65
8 201
8 202
8 238
8 208
8 119
8 234
8 42
8 169
9 195
9 105
9 171
9 237
9 183
9 147
9 247
9 189
10 134
10 39
10 20
10 153
10 248
10 116
11 232
11 170
11 141
11 245
11 54
11 55
11 106
11 94
12 107
12 154
12 67
12 39
13 161
13 226
13 99
13 229
13 104
13 169
13 234
13 174
13 113
13 149
13 222
13 127
14 67
14 69
14 200
14 78
14 144
14 248
14 56
14 136
14 123
14 252
15 226
15 204
15 171
15 236
15 143
15 119
15 121
15 29
15 30
16 87
16 76
16 205
16 142
16 177
16 147
16 206
16 55
16 217
17 176
17 18
17 195
17 94
18 224
18 163
18 38
18 112
18 243
18 21
18 223
19 130
19 35
19 170
19 141
19 144
19 83
19 84
19 150
19 155
19 62
20 224
20 226
20 109
20 47
20 177
20 216
20 153
21 73
21 240
21 145
21 115
21 125
22 230
22 243
22 236
22 206
22 82
22 179
22 183
22 124
23 164
23 197
23 204
23 48
23 177
23 251
23 60
23 94
24 75
24 78
24 103
25 137
25 106
25 46
25 241
25 87
25 152
26 34
26 69
26 233
26 184
26 63
26 60
26 222
26 255
27 164
27 70
27 199
27 142
27 81
27 114
27 85
27 220
27 95
28 128
28 98
28 228
28 133
28 230
28 240
28 210
28 181
29 43
29 197
29 105
29 107
29 251
29 123
29 93
30 136
30 201
30 175
31 99
31 232
31 233
31 176
31 179
31 182
32 117
33 163
33 134
33 232
33 41
33 110
33 119
33 201
33 251
33 221
34 64
34 97
34 163
34 86
34 70
34 105
34 106
34 76
34 172
34 158
34 118
34 117
34 62
34 223
35 65
35 229
35 43
35 50
35 185
36 132
36 157
36 82
36 53
36 143
36 61
36 159
37 98
37 176
37 243
37 180
37 213
37 219
37 158
38 69
38 108
38 45
38 238
38 81
38 92
38 158
39 160
39 97
39 66
39 195
39 131
39 158
39 255
40 192
40 198
40 48
40 212
40 54
40 90
41 166
41 203
41 141
41 238
41 239
41 120
41 62
41 216
41 94
41 223
42 170
42 107
42 46
42 47
42 81
42 85
42 56
42 157
42 158
43 113
43 108
43 135
43 204
43 80
43 49
43 51
43 157
43 187
43 93
44 75
44 91
44 245
44 159
45 97
45 133
45 107
45 179
45 151
45 124
46 225
46 165
46 76
46 209
46 184
46 158
47 192
47 243
47 199
47 83
48 195
48 134
48 105
48 141
48 245
48 247
48 216
48 121
48 157
49 208
49 163
49 166
49 199
49 136
49 76
49 237
49 238
49 175
49 112
49 51
50 167
50 106
50 82
50 131
50 248
50 91
50 92
51 70
51 225
51 112
51 178
51 147
51 86
51 63
52 225
52 227
52 182
52 205
52 54
52 152
52 185
53 195
53 113
53 103
53 171
53 76
53 81
53 139
53 58
53 254
54 64
54 226
54 143
54 112
55 112
55 130
55 131
55 200
55 107
55 80
55 81
55 67
55 213
55 185
55 253
56 160
56 164
56 114
56 211
56 181
56 182
57 232
57 186
57 234
57 118
58 64
58 160
58 148
58 62
59 66
59 70
59 104
59 248
59 63
60 107
60 203
60 204
60 173
60 109
60 242
60 117
60 175
60 250
61 112
61 139
61 173
61 215
62 163
62 204
62 119
62 251
62 223
63 73
63 146
63 84
64 99
64 150
64 70
64 136
64 81
64 151
64 219
64 253
64 222
65 165
65 75
65 77
65 145
65 88
65 217
65 125
65 223
66 97
66 202
66 82
66 234
67 192
67 165
67 136
67 137
67 204
67 239
67 185
67 213
68 217
68 174
68 231
69 128
69 236
69 208
69 121
70 129
70 243
70 168
70 237
70 175
70 241
70 91
71 160
71 194
71 101
71 231
71 136
71 73
71 106
71 174
71 240
71 241
71 248
71 157
71 254
71 223
72 160
72 128
72 227
72 230
72 117
72 89
72 189
72 127
73 162
73 134
73 118
73 95
73 253
74 134
74 106
74 235
74 173
74 213
74 153
74 117
75 102
75 136
75 241
75 83
75 92
76 192
76 129
76 139
76 79
76 176
76 213
76 239
77 130
77 177
77 200
77 205
77 237
77 241
77 243
77 255
78 163
78 165
78 106
78 140
78 79
78 249
78 221
79 124
79 114
79 110
79 251
79 252
79 93
80 226
80 166
80 108
80 82
80 221
81 105
81 114
81 218
81 253
82 230
82 199
82 136
82 234
82 144
82 212
82 121
82 253
82 127
83 139
83 167
83 119
83 221
84 136
84 169
84 144
84 89
84 187
84 156
85 195
85 136
85 137
85 175
85 227
85 181
85 118
85 251
85 187
85 170
86 198
86 203
86 162
86 111
86 146
86 93
87 192
87 100
87 111
87 145
87 90
87 253
87 254
88 227
88 171
88 158
88 167
89 213
90 96
90 171
90 139
90 239
90 249
91 194
91 216
91 184
91 92
92 160
92 251
92 168
92 148
92 215
93 101
93 136
93 202
93 247
93 234
93 221
93 190
94 97
94 136
94 203
94 151
94 118
94 152
94 249
94 188
94 253
94 159
95 196
95 232
95 145
95 180
96 139
96 125
96 103
97 120
97 251
98 192
98 107
98 179
98 158
98 197
99 225
99 100
99 102
99 202
99 175
99 214
100 134
100 145
100 244
100 182
100 183
100 190
101 242
101 195
101 155
102 160
102 194
102 135
102 143
102 158
103 237
103 176
103 215
103 190
103 255
104 196
104 133
104 134
104 201
104 107
104 207
105 129
105 147
105 172
105 179
105 150
105 215
105 216
106 133
106 216
106 219
106 190
107 150
107 151
108 121
108 206
109 244
109 125
110 128
110 130
110 146
110 181
110 119
110 216
110 156
111 200
111 202
111 143
111 182
111 248
112 169
112 237
112 148
113 154
113 221
114 194
114 188
114 159
115 212
115 219
115 236
116 241
116 147
116 182
116 120
116 152
117 227
117 151
117 236
117 139
117 215
117 125
118 224
118 196
118 173
118 176
119 236
119 251
120 230
120 232
120 215
121 130
121 129
121 240
121 177
121 244
121 251
121 229
122 170
122 124
123 132
123 166
123 178
123 154
123 159
124 163
124 197
124 204
124 191
125 230
125 159
126 217
126 146
126 243
127 194
127 138
128 136
128 250
128 158
129 164
129 175
129 146
129 147
129 246
130 201
130 241
130 150
131 198
131 250
131 251
132 165
132 199
132 234
132 216
132 220
132 157
133 234
133 236
134 162
134 237
134 200
135 178
135 242
135 215
135 159
136 226
136 229
136 205
136 178
136 148
136 160
136 251
137 173
138 232
138 194
138 178
139 197
139 236
139 247
140 190
140 159
141 163
141 234
141 178
141 244
141 245
141 202
142 200
142 229
142 211
143 144
143 211
143 244
143 153
144 246
144 247
145 160
145 215
145 182
145 252
146 195
146 210
147 194
147 232
148 230
148 233
148 170
148 203
148 205
148 174
149 191
149 182
149 183
150 179
150 237
150 184
150 218
151 226
151 195
151 228
151 240
151 180
151 215
151 153
151 164
151 158
152 241
153 160
153 181
153 253
154 186
154 231
155 227
156 192
156 175
157 173
157 181
158 163
158 234
158 211
158 221
159 186
160 245
160 191
161 197
161 187
161 195
161 255
162 243
163 214
163 198
163 238
163 209
163 245
163 246
164 195
164 232
164 186
165 176
165 178
166 194
166 175
167 198
167 201
167 234
167 238
167 248
167 233
168 177
168 250
169 224
169 200
170 224
170 177
170 251
170 221
171 194
171 240
171 191
172 237
172 221
173 194
173 205
173 240
173 237
173 212
173 181
174 209
175 239
176 226
176 235
177 194
177 242
177 217
179 245
179 247
179 248
180 235
180 216
180 254
181 220
181 186
182 225
182 227
183 204
183 248
183 250
184 245
184 223
185 197
185 217
185 223
188 241
190 249
191 193
191 238
191 248
191 255
192 236
192 210
192 254
193 234
193 231
194 196
194 207
194 213
195 253
196 254
197 238
197 208
198 227
198 209
198 244
198 247
199 207
200 201
200 240
201 228
201 234
201 209
202 238
203 252
204 230
206 236
206 218
206 223
207 240
209 226
209 218
209 219
213 244
213 219
214 234
214 231
216 229
216 235
217 222
217 250
218 237
218 247
219 225
220 230
220 238
221 229
224 242
225 243
226 253
228 234
228 237
230 240
230 244
232 253
236 249
236 254
237 252
238 250
238 255
240 242
246 255
