0 96
0 4
0 203
0 110
0 46
0 209
0 242
0 19
0 244
0 238
0 87
1 163
1 4
1 69
1 167
1 247
1 181
1 150
1 119
1 196
1 250
1 31
2 224
2 163
2 38
2 40
2 207
2 143
2 176
2 253
2 213
2 185
2 27
2 188
2 125
3 192
3 164
3 71
3 205
3 80
3 177
3 149
4 165
4 202
4 172
4 210
4 46
4 145
4 146
4 212
4 89
4 90
4 59
4 60
4 52
5 34
5 35
5 164
5 136
5 234
5 44
5 250
5 95
6 211
6 29
6 219
6 103
7 32
7 163
7 39
7 74
7 237
7 242
7 115
7 251
7 28
8 185
8 31
8 237
8 46
8 95
9 96
9 196
9 69
9 78
9 240
9 114
9 123
10 33
10 202
10 44
10 241
10 53
10 184
10 124
10 222
11 222
11 185
11 53
11 62
11 127
12 201
12 170
12 159
12 187
12 125
12 222
12 127
13 144
13 104
13 204
13 112
13 177
13 186
13 127
14 241
14 66
14 166
14 15
15 112
15 41
15 236
15 208
15 243
15 158
15 201
15 248
15 250
15 93
15 30
16 192
16 64
16 214
16 236
16 118
16 124
16 126
16 223
17 68
17 166
17 235
17 176
17 49
17 178
17 190
17 118
17 251
17 222
17 159
18 230
18 41
18 107
18 207
18 144
18 177
18 210
18 55
18 60
19 129
19 36
19 165
19 193
19 41
19 171
19 237
19 119
20 163
20 36
20 220
20 77
20 30
20 247
20 89
20 28
20 94
21 153
21 155
21 117
22 34
22 38
22 200
22 140
22 46
22 143
22 84
22 57
22 26
22 122
23 97
23 99
23 103
23 161
23 205
23 109
23 242
23 253
24 132
24 38
24 103
24 73
24 240
24 182
24 120
25 192
25 104
25 49
25 180
25 124
25 157
26 128
26 196
26 70
26 201
26 239
27 241
27 59
27 161
28 165
28 38
28 40
28 106
28 175
28 104
28 249
28 90
28 60
28 94
28 81
29 35
29 100
29 230
29 172
29 236
29 205
29 239
29 126
29 118
29 186
29 30
30 164
30 75
30 237
30 206
30 53
30 155
31 162
31 227
31 196
31 244
31 219
31 127
32 96
32 34
32 105
32 167
32 240
32 57
33 67
33 166
33 39
33 43
33 176
33 209
33 248
33 94
34 168
34 223
35 231
35 78
35 250
35 188
35 127
36 224
36 40
36 203
36 140
36 213
36 244
36 159
36 63
37 219
37 105
37 236
37 223
37 153
37 123
37 63
38 97
38 134
38 232
38 220
38 205
38 210
39 65
39 73
39 239
39 210
39 217
39 219
39 157
40 171
40 93
40 88
40 253
40 126
41 75
41 235
41 206
41 158
42 194
42 104
42 43
42 204
42 242
42 148
42 215
42 152
42 92
42 254
43 161
43 248
43 57
43 138
44 96
44 97
44 196
44 52
44 252
44 253
44 63
45 101
45 233
45 171
45 84
45 247
45 255
46 173
46 174
46 79
46 210
46 115
46 247
47 136
47 106
47 107
47 173
47 94
47 223
48 163
48 133
48 175
48 112
48 210
48 150
49 134
49 157
49 166
50 57
50 150
50 167
51 71
51 175
51 81
51 146
51 88
51 89
51 218
51 220
52 226
52 166
52 108
52 111
52 209
52 115
52 254
53 207
53 145
53 210
53 179
53 62
53 87
53 63
54 129
54 194
54 70
54 206
54 116
54 222
54 95
55 98
55 163
55 230
55 115
55 149
55 87
55 155
56 81
56 219
56 236
56 60
56 215
57 160
57 134
57 199
57 232
57 85
57 60
57 125
58 248
58 169
58 251
58 84
58 231
59 195
59 100
59 233
59 74
59 91
59 99
59 153
59 220
59 169
60 67
60 106
60 141
60 177
60 211
61 113
61 63
61 220
61 215
61 183
62 131
62 146
62 243
62 151
62 216
62 252
63 149
63 99
63 145
63 150
63 186
63 222
63 255
64 229
64 167
64 125
64 143
64 212
64 218
64 188
64 221
64 255
65 176
65 71
65 144
65 212
65 85
66 226
66 202
66 108
66 146
66 213
66 247
66 218
66 154
67 99
67 71
67 141
67 110
67 79
67 80
67 82
67 120
68 80
68 155
68 173
68 151
69 231
69 236
69 141
69 83
69 248
70 195
70 119
70 221
70 94
71 129
71 241
71 116
71 89
71 154
71 222
72 165
72 169
72 106
72 172
72 177
72 123
72 125
72 222
73 166
73 203
73 220
73 94
74 248
74 187
74 93
75 163
75 237
75 142
75 115
75 206
75 119
75 249
75 95
76 226
76 227
76 167
76 201
76 135
76 142
76 208
76 92
77 178
77 125
77 190
77 247
78 204
78 175
78 210
78 244
78 185
78 84
78 92
78 93
78 190
79 193
79 133
79 205
79 210
79 115
79 213
79 217
80 192
80 162
80 133
80 134
80 92
80 124
80 220
80 254
81 172
81 209
81 124
82 83
82 133
83 84
83 117
83 221
83 245
84 96
84 208
84 166
84 188
84 203
84 240
84 242
84 142
84 248
84 92
84 221
85 230
85 172
85 116
85 251
86 162
86 227
86 101
86 134
86 188
86 240
86 89
86 155
86 156
86 221
86 94
87 202
88 167
88 168
88 189
88 89
88 250
88 221
89 115
89 165
89 230
89 170
89 142
89 208
90 179
90 108
90 139
90 204
90 211
90 149
90 233
90 250
91 161
91 129
91 200
91 232
91 215
91 152
92 196
92 136
92 140
92 173
92 109
92 122
92 218
93 227
93 132
93 238
93 115
93 181
94 165
94 103
94 245
94 221
94 95
95 100
95 237
95 238
95 239
95 159
96 162
96 108
96 169
96 188
97 140
97 182
97 123
98 226
98 134
98 175
98 113
98 182
98 187
98 156
99 166
99 233
99 202
99 205
99 241
99 154
99 250
99 254
100 168
100 201
100 108
100 237
100 240
100 180
101 160
101 103
101 114
101 243
101 219
102 130
102 228
102 230
102 198
102 106
102 140
103 192
103 227
103 207
103 209
103 242
103 211
103 222
103 175
103 124
104 215
104 140
104 148
104 153
104 251
104 202
105 204
105 177
105 114
105 151
105 157
106 151
106 187
107 194
107 138
107 177
107 170
108 232
108 136
108 179
108 196
108 218
108 126
109 135
109 242
109 243
109 185
110 178
111 136
111 120
111 176
112 128
112 224
112 233
112 239
112 113
112 237
112 215
112 175
113 224
113 131
113 138
113 143
113 245
115 194
115 228
115 133
115 240
115 177
115 118
115 156
115 229
116 130
116 131
116 164
116 191
116 212
116 245
116 180
116 255
117 211
117 168
117 240
117 185
117 254
117 245
118 165
118 171
119 136
119 238
119 142
119 211
119 213
120 167
120 168
120 252
121 136
121 156
121 230
121 175
122 231
122 182
122 153
122 254
123 128
123 129
123 131
123 193
123 199
123 236
123 173
123 209
123 178
123 182
123 233
124 131
124 205
124 181
124 251
124 252
125 137
125 234
126 239
126 180
126 151
126 156
126 253
127 235
127 245
127 188
128 132
128 205
128 181
129 141
129 144
129 216
130 232
130 211
130 205
131 195
131 137
131 173
131 219
132 229
132 133
132 235
132 186
132 223
133 135
133 202
133 204
134 238
134 214
135 234
135 205
136 193
136 170
136 217
137 183
137 207
138 185
139 252
139 180
140 149
140 186
140 250
141 175
141 188
142 178
142 189
143 167
143 236
144 145
144 249
144 220
144 191
145 175
145 186
146 192
146 190
146 244
146 158
146 182
147 217
147 188
148 168
148 227
148 239
149 179
149 151
149 211
149 154
149 250
150 242
150 175
150 181
150 151
150 156
151 171
151 169
151 218
152 163
152 201
152 203
152 212
153 161
153 200
153 239
153 244
154 175
155 226
155 227
155 230
155 249
156 170
156 254
157 167
157 235
157 223
158 179
158 246
158 190
159 177
159 255
160 168
160 247
161 177
161 182
161 255
162 229
163 217
164 224
164 231
164 214
165 242
165 184
166 228
166 191
167 168
167 240
167 244
168 204
168 182
168 189
169 188
169 171
169 172
169 241
169 252
170 195
170 238
170 175
170 181
172 194
172 189
172 188
173 178
173 217
173 189
174 176
174 241
174 177
175 226
176 202
176 178
176 182
177 250
179 194
179 232
179 181
179 253
180 229
180 183
180 253
181 197
181 220
181 215
183 186
183 196
184 247
185 192
185 207
187 193
187 197
187 200
187 246
187 188
187 190
188 255
188 190
190 234
190 248
191 203
191 236
191 250
192 224
192 253
193 220
194 206
194 215
195 205
195 213
195 255
196 235
196 243
198 210
198 212
198 255
199 226
200 248
201 225
201 218
202 251
204 240
204 248
205 248
207 244
207 215
209 211
209 250
210 224
211 241
211 243
212 217
212 223
214 230
214 215
215 229
217 224
217 235
217 242
217 227
218 237
219 236
219 248
220 226
220 234
220 235
220 248
221 255
224 239
225 226
226 232
226 243
227 229
227 240
228 251
229 244
229 249
231 242
231 252
236 244
239 242
239 252
241 245
243 247
243 250
244 254
252 253
