0 226
0 132
0 233
0 237
0 45
0 215
0 152
1 96
1 202
1 237
1 178
1 87
1 216
1 155
2 208
2 69
2 231
2 104
2 13
2 80
2 242
2 21
2 88
3 51
3 40
3 112
3 83
3 245
3 250
3 27
3 157
3 190
4 64
4 32
4 99
4 21
5 36
5 6
5 135
5 13
5 174
5 62
6 226
6 166
6 72
6 174
6 240
6 22
6 87
6 31
7 227
7 137
7 17
7 242
7 52
7 182
7 93
8 224
8 67
8 37
8 38
8 113
8 145
8 239
8 17
8 52
8 24
8 175
8 92
9 152
9 252
9 198
10 22
10 170
10 43
10 157
10 246
10 152
10 218
10 220
10 125
11 128
11 233
11 104
11 239
12 225
12 43
12 52
12 119
12 217
12 155
12 126
13 137
13 235
13 237
13 80
13 18
13 119
13 216
13 250
13 222
14 192
14 131
14 39
14 107
14 79
14 144
14 27
15 169
15 163
15 126
15 231
16 36
16 134
16 156
16 138
16 142
16 238
16 25
16 217
16 188
16 126
17 192
17 33
17 137
17 152
17 218
17 93
18 163
18 228
18 168
18 233
18 45
18 136
18 114
18 190
19 208
19 163
19 199
19 205
19 142
19 143
19 112
19 50
19 99
19 22
19 152
19 27
20 70
20 200
20 201
20 30
20 236
20 172
20 53
20 216
20 121
20 190
21 224
21 37
21 171
21 114
21 27
21 158
22 214
22 64
22 133
22 177
22 52
22 54
22 216
22 189
23 236
23 90
23 92
23 109
23 127
24 160
24 70
24 141
24 174
24 207
24 150
24 250
25 98
25 171
25 135
25 43
25 44
25 177
25 203
25 26
25 95
26 162
26 171
26 141
26 205
26 52
26 185
26 91
27 181
27 179
27 42
27 235
27 237
27 221
27 159
28 210
28 163
28 197
29 103
29 137
29 75
29 238
29 48
29 147
29 120
29 154
30 197
30 62
30 47
30 115
30 53
30 55
30 126
31 33
31 34
31 44
31 125
31 80
31 189
31 217
31 157
32 225
32 228
32 118
32 116
32 150
32 216
32 244
32 157
32 36
33 131
33 173
33 243
33 148
33 118
33 120
33 58
34 229
34 143
34 80
34 53
34 220
35 129
35 163
35 101
35 230
35 39
35 84
36 164
36 46
36 53
36 253
36 63
37 252
37 46
37 168
37 178
37 217
37 60
37 190
38 228
38 140
38 242
38 120
38 159
39 96
39 140
39 237
39 85
39 89
39 158
40 131
40 164
40 103
40 167
40 115
40 177
40 55
40 253
40 159
41 192
41 165
41 49
41 209
41 87
41 252
42 96
42 129
42 66
42 95
43 193
43 70
43 203
43 239
43 51
43 152
44 98
44 162
44 81
44 141
44 145
44 85
44 122
45 144
45 205
46 64
46 116
46 68
46 174
46 175
46 178
46 244
46 154
46 155
46 191
47 130
47 70
47 242
47 181
47 150
47 121
47 53
48 96
48 193
48 102
48 169
48 146
48 105
48 121
49 199
49 124
49 205
49 79
49 52
49 149
49 185
49 60
49 221
50 113
50 188
50 206
50 151
51 128
51 72
51 140
51 209
51 178
51 216
51 122
51 156
52 84
52 137
52 203
52 242
52 212
52 116
52 95
53 173
53 110
53 175
53 80
53 114
53 216
53 148
54 64
54 119
54 126
54 189
55 112
55 130
55 140
55 240
55 81
55 211
55 155
55 93
56 118
56 102
56 71
56 113
56 213
56 246
56 151
56 120
57 188
57 247
57 89
57 206
57 111
57 82
57 84
57 246
57 183
57 217
57 220
57 125
57 95
58 132
58 134
58 237
58 77
58 207
58 209
58 213
58 186
58 124
58 221
59 224
59 176
59 210
59 179
59 62
59 191
60 206
60 143
60 247
60 61
61 98
61 164
61 106
61 253
61 74
61 214
61 221
61 95
62 130
62 234
62 77
62 180
62 184
63 228
63 105
63 173
63 110
63 221
64 195
64 214
64 154
64 122
64 182
65 164
65 101
65 104
65 173
65 238
65 214
66 208
66 136
66 181
66 197
67 197
67 168
67 202
67 237
67 240
67 244
68 160
68 186
68 251
69 129
69 104
69 83
69 247
69 124
69 125
70 75
70 200
70 74
70 141
70 248
70 125
71 108
71 83
71 148
71 183
71 154
71 220
71 186
72 108
72 199
73 231
73 252
73 170
73 247
73 220
73 233
73 152
73 90
73 156
73 106
74 144
74 106
74 212
75 224
75 107
75 172
75 175
75 82
75 117
76 225
76 195
76 101
76 165
76 206
76 180
76 255
77 226
77 208
77 241
77 89
78 240
78 230
78 109
78 80
78 244
78 217
78 120
78 153
78 187
79 103
79 232
79 215
79 120
79 122
79 157
79 254
80 115
80 85
80 221
80 158
81 128
81 131
81 167
81 105
81 137
81 221
81 254
82 131
82 102
82 136
82 233
82 109
82 143
82 176
82 155
83 164
83 172
83 109
83 238
83 112
83 86
84 97
84 231
84 168
84 139
84 219
85 193
85 107
85 179
85 189
86 184
86 234
86 164
86 214
87 234
87 215
87 254
88 121
88 236
88 197
89 96
89 160
89 98
89 198
89 109
89 216
89 121
89 207
89 188
90 200
90 111
90 121
90 93
91 227
91 147
91 199
91 110
91 115
91 116
91 131
91 247
91 156
92 130
92 233
92 111
92 112
92 118
92 121
93 240
93 217
93 121
93 183
94 176
94 241
94 195
94 148
94 141
95 97
95 197
95 191
96 101
96 168
96 235
96 240
96 209
96 215
96 218
96 188
96 189
97 192
97 135
97 143
98 192
98 110
98 240
98 114
98 152
99 100
99 205
99 142
99 241
99 121
100 233
100 207
100 179
100 148
100 218
100 126
101 192
101 142
101 185
101 122
101 156
102 227
102 233
102 139
102 239
102 176
102 246
103 135
103 136
103 115
104 167
104 149
105 227
105 197
105 202
105 247
105 163
105 119
105 189
106 163
106 229
106 135
106 200
106 143
106 150
106 186
107 166
107 114
107 151
107 120
107 153
107 222
108 248
108 154
108 115
109 198
109 180
109 221
110 134
110 145
110 201
110 111
110 113
111 143
111 211
112 201
112 208
113 132
113 137
113 203
114 229
114 202
114 148
114 123
114 126
115 132
115 147
115 150
115 153
115 255
116 164
116 205
116 141
116 158
117 193
117 174
117 241
117 146
117 158
117 255
118 148
118 247
118 153
119 180
120 160
120 139
120 230
120 136
120 169
120 214
120 151
120 220
121 136
121 171
121 174
121 157
121 215
122 241
122 248
122 159
123 158
124 226
124 169
124 197
124 143
124 248
124 159
125 141
125 190
125 186
125 219
125 126
126 213
126 247
126 217
126 222
127 160
127 168
127 222
127 246
127 254
128 226
128 172
129 194
130 224
130 232
130 144
130 155
131 196
131 234
131 214
131 216
131 157
132 219
133 163
133 145
133 179
133 212
133 216
133 249
133 223
134 169
134 212
135 147
135 213
135 188
137 227
137 199
137 141
137 240
137 163
137 246
137 217
137 157
138 161
138 152
138 204
139 233
139 205
139 238
139 157
139 211
139 221
140 224
140 197
140 209
140 210
141 166
141 235
142 197
142 195
142 177
142 180
143 160
143 195
143 232
143 173
143 253
144 238
145 208
145 244
146 196
146 200
146 202
146 243
147 198
147 233
148 195
148 164
148 246
148 170
150 193
150 237
150 251
150 170
151 192
151 225
151 203
151 243
152 198
152 177
152 204
152 173
153 160
153 198
153 172
153 154
154 232
154 250
155 167
155 185
156 240
156 211
156 169
156 238
156 184
157 196
157 206
157 240
157 210
157 169
157 252
158 227
158 210
158 243
158 213
158 183
159 243
160 175
160 239
160 178
161 201
161 214
161 209
162 180
162 229
162 215
163 202
163 242
163 209
163 222
163 223
164 198
164 202
164 238
164 200
164 249
165 169
165 241
166 221
167 194
167 200
167 245
167 220
167 255
168 241
168 187
169 200
169 202
169 205
169 250
170 203
170 215
170 254
171 232
171 203
171 175
171 242
171 187
173 227
173 185
173 191
174 197
174 187
175 193
175 233
176 239
176 216
177 224
177 244
177 183
177 186
178 238
178 252
179 246
179 226
179 199
179 214
179 250
179 222
179 255
180 192
181 234
181 208
181 184
182 230
182 208
182 244
182 215
183 241
183 203
183 238
183 216
184 195
184 221
185 206
185 255
188 193
188 229
188 198
188 204
188 223
189 195
189 190
189 254
190 237
190 244
191 226
191 237
191 210
191 247
193 215
196 240
196 252
197 225
197 204
198 241
198 248
199 211
199 239
199 252
200 202
200 231
201 234
201 239
203 206
203 223
203 247
204 252
205 225
205 233
205 253
206 252
207 224
208 235
208 221
209 254
210 241
210 245
211 231
212 221
215 224
215 237
216 227
218 232
218 235
220 230
220 237
220 245
220 247
222 254
223 229
223 236
224 249
224 245
225 245
226 229
228 232
228 241
228 253
229 248
231 247
233 247
234 235
234 238
238 246
239 252
239 254
243 251
246 249
