0 128
0 134
0 17
0 168
0 112
0 177
0 243
0 219
0 156
1 40
1 239
1 145
1 147
1 246
1 57
1 221
2 153
2 178
2 69
2 238
3 104
3 128
3 147
3 125
3 47
4 64
4 161
4 107
4 132
4 75
4 78
4 83
4 52
4 36
4 122
4 157
4 158
5 152
5 97
5 192
5 214
5 87
6 161
6 68
6 39
6 104
6 71
6 112
6 209
6 242
6 121
6 154
6 168
6 61
7 64
7 66
7 139
7 213
7 121
7 251
8 163
8 201
8 235
8 237
8 45
8 20
8 120
8 189
9 132
9 198
9 137
9 77
9 238
9 182
9 248
9 25
9 154
10 129
10 66
10 171
10 162
10 107
10 146
10 203
10 177
10 114
10 245
10 214
10 119
10 18
10 183
11 241
11 227
11 252
11 53
11 111
12 130
12 74
12 239
12 50
12 51
12 57
12 154
12 138
13 193
13 226
13 167
13 40
13 42
13 208
13 182
13 216
13 249
13 190
13 127
14 98
14 136
14 170
14 236
14 21
14 191
15 136
15 169
15 179
15 116
15 183
15 91
15 220
16 128
16 32
16 234
16 240
16 88
16 249
16 93
16 62
16 255
17 200
17 212
17 154
17 108
18 229
18 70
18 203
18 240
18 86
18 60
18 254
18 95
19 226
19 132
19 112
19 86
19 120
19 186
19 253
20 130
20 38
20 201
20 111
20 148
20 53
21 69
21 171
21 109
21 207
21 81
21 214
21 151
22 32
22 34
22 133
22 236
22 115
22 181
22 216
22 59
22 63
23 32
23 161
23 44
23 245
23 217
24 128
24 51
24 230
24 135
24 201
24 39
24 210
24 83
24 56
25 64
25 192
25 229
25 113
25 241
25 189
26 32
26 74
26 114
26 157
26 253
27 177
27 82
27 132
28 161
28 43
28 236
28 148
28 153
28 188
28 61
29 34
29 140
29 242
29 117
29 121
29 251
30 32
30 136
30 77
30 104
30 247
30 248
31 68
31 205
31 144
31 241
31 150
31 183
31 216
31 159
31 93
31 63
32 160
32 102
32 230
32 44
32 76
32 218
32 223
33 192
33 230
33 92
33 204
33 114
33 105
33 120
33 252
33 191
34 99
34 230
34 253
34 113
34 249
35 129
35 194
35 39
35 168
35 245
35 119
35 120
35 60
36 71
36 72
36 246
36 60
36 253
37 226
37 39
37 200
37 105
37 234
37 141
37 206
37 242
37 179
37 151
37 154
37 191
38 96
38 102
38 203
38 243
38 215
38 91
38 157
39 143
39 227
39 52
39 185
39 116
39 252
39 126
39 165
40 195
40 243
40 214
40 89
40 153
40 154
40 219
41 123
41 177
41 113
41 99
41 152
41 251
41 255
42 67
42 101
42 206
42 115
42 148
42 86
42 252
42 126
43 144
43 162
43 99
43 124
43 45
43 80
43 153
43 159
44 96
44 74
44 171
44 119
45 59
45 70
45 166
45 168
45 139
45 99
45 52
45 179
45 187
45 95
46 225
46 130
46 105
46 177
46 169
46 248
46 155
46 190
47 193
47 101
47 106
47 209
47 154
47 61
48 123
48 70
48 246
48 235
49 184
49 104
49 226
50 128
50 160
50 133
50 142
50 177
50 83
50 154
51 224
51 160
51 132
51 134
51 106
51 205
51 144
51 145
51 57
51 223
52 128
52 197
53 96
53 102
53 62
53 122
53 158
54 228
54 166
54 110
54 113
54 146
54 68
55 65
55 226
55 134
55 78
55 118
55 58
55 187
56 131
56 169
56 107
56 148
56 86
56 247
56 186
56 123
57 231
57 73
57 74
57 77
57 242
57 213
57 118
58 97
58 164
58 107
58 88
58 148
58 216
58 59
59 96
59 246
59 80
59 222
59 250
59 254
60 193
60 114
60 78
61 206
61 208
61 246
61 215
61 249
62 160
62 161
62 197
62 135
62 235
62 108
62 207
62 88
62 114
62 184
63 233
63 122
63 148
64 72
64 235
64 238
64 121
64 118
64 119
64 218
64 156
65 201
65 106
65 164
65 166
66 136
66 231
66 110
66 143
66 247
66 248
66 90
66 252
66 255
67 228
67 198
67 73
67 157
67 221
67 85
67 125
67 190
68 134
69 150
69 177
69 81
69 118
69 215
69 154
70 101
70 122
70 154
70 223
71 75
71 175
71 247
71 126
72 167
72 212
72 149
72 250
73 224
73 228
73 141
74 193
74 230
74 134
74 135
74 137
74 236
74 110
74 80
74 214
74 87
75 173
75 77
75 215
75 93
76 225
76 99
76 232
76 138
76 237
76 89
77 232
77 139
77 152
77 115
77 215
77 216
77 95
78 202
78 174
78 91
79 168
79 80
79 178
79 200
79 198
80 98
80 167
80 144
80 86
80 189
80 95
81 202
81 214
82 160
82 224
82 130
82 101
82 98
82 239
82 214
82 254
83 164
83 103
83 106
83 113
83 234
84 161
84 130
84 138
84 204
84 148
84 248
84 154
84 155
84 93
85 193
85 230
85 198
85 107
85 236
85 214
85 247
85 185
85 154
85 190
86 109
86 241
86 185
86 95
87 199
87 114
87 147
87 119
87 184
88 99
88 103
88 158
88 152
89 169
89 245
89 149
90 230
90 234
90 173
90 121
90 155
91 240
91 145
91 217
91 207
92 131
92 204
92 144
92 215
92 255
93 131
93 100
93 171
93 151
93 190
94 192
94 195
94 229
94 146
94 149
94 254
94 95
95 163
95 178
95 137
95 139
95 149
95 123
96 194
96 155
96 165
96 178
96 218
96 156
96 158
96 191
97 211
97 132
97 167
98 115
98 212
98 190
99 133
99 112
99 140
99 180
100 136
100 132
101 102
101 103
101 204
101 209
101 212
102 226
102 169
102 183
102 110
102 246
102 119
102 156
103 177
103 124
103 197
104 162
104 133
104 107
104 237
104 123
105 196
105 136
105 176
105 240
105 238
105 220
106 200
106 244
106 153
106 219
107 195
107 179
108 178
109 228
109 150
109 170
109 236
110 228
110 162
110 239
110 148
110 186
110 138
111 201
111 236
111 213
112 231
112 216
114 128
114 187
114 232
114 210
114 251
115 168
115 218
116 235
116 173
116 210
116 182
116 250
116 157
116 190
117 208
117 236
118 131
118 171
118 146
118 212
118 150
118 216
118 154
118 253
119 169
119 141
119 149
119 182
119 151
119 155
119 159
120 231
120 167
121 130
121 195
121 228
121 188
122 196
122 230
122 231
122 248
122 218
122 158
123 128
123 195
123 134
123 167
123 170
123 142
123 147
123 148
124 185
124 220
124 204
125 160
125 142
125 247
126 192
126 162
126 142
126 186
127 128
127 243
127 252
128 237
128 179
129 165
129 202
129 236
129 237
129 142
129 147
129 246
129 215
129 255
130 228
130 237
130 239
130 151
131 136
131 169
131 217
131 252
131 255
132 156
132 157
133 197
133 233
133 234
133 238
133 174
133 180
133 181
133 155
133 182
134 192
134 200
134 211
134 250
135 229
136 198
136 139
136 240
136 183
136 196
136 252
136 222
137 139
137 205
137 152
137 248
138 225
138 219
138 183
138 251
138 159
139 197
139 176
139 219
139 254
140 171
140 237
140 167
141 171
141 167
141 151
141 204
141 172
141 248
141 165
142 205
142 253
142 189
142 154
143 255
143 213
144 192
144 203
145 245
145 157
145 255
146 203
146 204
146 219
147 155
147 255
148 240
148 187
148 150
148 219
148 186
149 226
149 230
150 177
150 245
150 214
150 197
151 198
151 215
151 212
152 205
152 208
152 246
153 164
153 223
154 205
154 246
155 173
155 183
155 250
156 239
156 210
157 165
157 201
158 190
159 195
159 166
159 177
159 216
160 193
160 173
160 183
160 254
161 195
161 230
161 200
161 233
161 235
161 187
162 194
162 169
162 207
162 221
163 205
163 245
164 252
165 210
166 195
166 172
166 208
166 184
167 235
168 173
168 247
168 221
169 195
169 228
169 196
169 194
169 177
169 178
169 179
169 219
171 183
171 186
172 244
173 229
173 179
173 249
173 244
174 217
174 177
175 224
175 179
175 234
175 211
175 244
175 248
175 254
176 192
178 225
178 202
179 224
180 198
181 195
181 191
182 193
183 210
183 253
185 233
185 214
186 224
186 235
186 218
187 240
187 208
187 241
187 212
187 245
188 214
190 200
190 195
191 200
192 211
192 215
193 245
193 213
194 229
194 235
194 237
194 209
194 214
194 250
195 213
195 227
195 230
195 219
197 215
197 247
197 251
197 255
198 244
198 221
198 254
199 225
199 205
199 207
199 247
199 251
200 217
201 253
202 250
203 226
203 209
203 248
206 217
206 213
207 246
208 238
208 218
209 235
209 218
210 216
210 251
211 228
211 240
212 252
212 255
213 247
213 219
215 226
215 240
216 246
216 254
217 245
219 224
219 238
219 253
221 230
221 236
221 246
222 230
222 231
222 250
222 255
223 254
224 249
225 226
225 237
226 245
227 250
227 228
228 250
228 251
230 247
238 249
238 254
240 251
241 247
243 250
243 255
246 249
246 250
248 251
248 253
